dados 

 39  Variables      41653  Observations
--------------------------------------------------------------------------------
depresd 
       n  missing distinct     Info     Mean      Gmd      .05      .10 
   41653        0       12    0.931    3.405    4.274        0        0 
     .25      .50      .75      .90      .95 
       0        2        7       10       10 
                                                                            
Value        -99     0     1     2     3     4     5     6     7     8     9
Frequency     29 16526  2699  3440  2572  1776  2397  1208  1692  1589   753
Proportion 0.001 0.397 0.065 0.083 0.062 0.043 0.058 0.029 0.041 0.038 0.018
                
Value         10
Frequency   6972
Proportion 0.167
--------------------------------------------------------------------------------
lessint 
       n  missing distinct     Info     Mean      Gmd      .05      .10 
   41653        0       12    0.945    -13.9    31.76      -99      -99 
     .25      .50      .75      .90      .95 
       0        0        6       10       10 
                                                                            
Value        -99     0     1     2     3     4     5     6     7     8     9
Frequency   7063 15020  1694  2337  1771  1353  1936  1008  1320  1423   664
Proportion 0.170 0.361 0.041 0.056 0.043 0.032 0.046 0.024 0.032 0.034 0.016
                
Value         10
Frequency   6064
Proportion 0.146
--------------------------------------------------------------------------------
moodelev 
       n  missing distinct     Info     Mean      Gmd      .05      .10 
   41653        0       12    0.553   0.7903    1.734        0        0 
     .25      .50      .75      .90      .95 
       0        0        0        3        6 
                                                                            
Value        -99     0     1     2     3     4     5     6     7     8     9
Frequency     42 31846  2429  2173  1333   793   819   352   362   271   109
Proportion 0.001 0.765 0.058 0.052 0.032 0.019 0.020 0.008 0.009 0.007 0.003
                
Value         10
Frequency   1124
Proportion 0.027
--------------------------------------------------------------------------------
curdepr 
       n  missing distinct     Info     Mean      Gmd 
   41653        0        4    0.745   0.1545    1.378 
                                  
Value        -99     0     1     2
Frequency    146 25762 10601  5144
Proportion 0.004 0.618 0.255 0.123
--------------------------------------------------------------------------------
curenjoy 
       n  missing distinct     Info     Mean      Gmd 
   41653        0        4    0.742 -0.03932    1.711 
                                  
Value        -99     0     1     2
Frequency    221 25800 11023  4609
Proportion 0.005 0.619 0.265 0.111
--------------------------------------------------------------------------------
curmania 
       n  missing distinct     Info     Mean      Gmd 
   41653        0        4     0.33  -0.2888    1.246 
                                  
Value        -99     0     1     2
Frequency    196 36434  2672  2351
Proportion 0.005 0.875 0.064 0.056
--------------------------------------------------------------------------------
abnirrit 
       n  missing distinct     Info     Mean      Gmd      .05      .10 
   41653        0       12    0.875    2.296    3.562        0        0 
     .25      .50      .75      .90      .95 
       0        1        4       10       10 
                                                                            
Value        -99     0     1     2     3     4     5     6     7     8     9
Frequency     50 20658  3505  3709  2663  1630  2233   754   977   899   320
Proportion 0.001 0.496 0.084 0.089 0.064 0.039 0.054 0.018 0.023 0.022 0.008
                
Value         10
Frequency   4255
Proportion 0.102
--------------------------------------------------------------------------------
curirrit 
       n  missing distinct     Info     Mean      Gmd 
   41653        0        4    0.585    -0.33    1.947 
                                  
Value        -99     0     1     2
Frequency    291 30963  5733  4666
Proportion 0.007 0.743 0.138 0.112
--------------------------------------------------------------------------------
abnanx 
       n  missing distinct     Info     Mean      Gmd      .05      .10 
   41653        0       12    0.903    2.815    4.561        0        0 
     .25      .50      .75      .90      .95 
       0        1        5       10       10 
                                                                            
Value        -99     0     1     2     3     4     5     6     7     8     9
Frequency    122 18745  2959  3175  2466  1485  2335   845   955   997   406
Proportion 0.003 0.450 0.071 0.076 0.059 0.036 0.056 0.020 0.023 0.024 0.010
                
Value         10
Frequency   7163
Proportion 0.172
--------------------------------------------------------------------------------
deprmd 
       n  missing distinct     Info     Mean      Gmd      .05      .10 
   41653        0       12    0.944   -16.69    28.67    -99.0    -99.0 
     .25      .50      .75      .90      .95 
     0.0      0.0      0.5      1.0      1.0 
                                                                         
Value      -99.00  -2.00  -1.50  -1.00  -0.50  -0.25   0.00   0.25   0.50
Frequency    7144     51    232    950   1151    312  14370   1639   6258
Proportion  0.172  0.001  0.006  0.023  0.028  0.007  0.345  0.039  0.150
                               
Value        1.00   1.50   2.00
Frequency    7572   1495    479
Proportion  0.182  0.036  0.011
--------------------------------------------------------------------------------
depsleep 
       n  missing distinct     Info     Mean      Gmd      .05      .10 
   41653        0       12    0.911  -0.1827    0.929     -1.0     -1.0 
     .25      .50      .75      .90      .95 
    -0.5      0.0      0.0      1.0      1.0 
                                                                         
Value      -99.00  -2.00  -1.50  -1.00  -0.50  -0.25   0.00   0.25   0.50
Frequency      37    566    995   6570   5210   1090  18046    564   2958
Proportion  0.001  0.014  0.024  0.158  0.125  0.026  0.433  0.014  0.071
                               
Value        1.00   1.50   2.00
Frequency    4325    806    486
Proportion  0.104  0.019  0.012
--------------------------------------------------------------------------------
depinter 
       n  missing distinct     Info     Mean      Gmd      .05      .10 
   41653        0       12    0.891  -0.5379   0.8654    -1.50    -1.00 
     .25      .50      .75      .90      .95 
   -1.00    -0.25     0.00     0.00     0.00 
                                                                         
Value      -99.00  -2.00  -1.50  -1.00  -0.50  -0.25   0.00   0.25   0.50
Frequency      61    540   1626  10112   7166   1680  18615    206    939
Proportion  0.001  0.013  0.039  0.243  0.172  0.040  0.447  0.005  0.023
                               
Value        1.00   1.50   2.00
Frequency     640     55     13
Proportion  0.015  0.001  0.000
--------------------------------------------------------------------------------
depguilt 
       n  missing distinct     Info     Mean      Gmd      .05      .10 
   41653        0       12    0.701  -0.3689     1.56      0.0      0.0 
     .25      .50      .75      .90      .95 
     0.0      0.0      0.5      1.0      1.0 
                                                                         
Value      -99.00  -2.00  -1.50  -1.00  -0.50  -0.25   0.00   0.25   0.50
Frequency     247     21     45    373    420    111  27695    866   5416
Proportion  0.006  0.001  0.001  0.009  0.010  0.003  0.665  0.021  0.130
                               
Value        1.00   1.50   2.00
Frequency    5773    526    160
Proportion  0.139  0.013  0.004
--------------------------------------------------------------------------------
depse 
       n  missing distinct     Info     Mean      Gmd      .05      .10 
   41653        0       12    0.882   -0.778    1.334       -1       -1 
     .25      .50      .75      .90      .95 
      -1        0        0        0        0 
                                                                         
Value      -99.00  -2.00  -1.50  -1.00  -0.50  -0.25   0.00   0.25   0.50
Frequency     163    516   1387  10628   6672   1372  19142    256    931
Proportion  0.004  0.012  0.033  0.255  0.160  0.033  0.460  0.006  0.022
                               
Value        1.00   1.50   2.00
Frequency     535     35     16
Proportion  0.013  0.001  0.000
--------------------------------------------------------------------------------
depenerg 
       n  missing distinct     Info     Mean      Gmd      .05      .10 
   41653        0       13    0.915  -0.5074   0.8534    -1.50    -1.00 
     .25      .50      .75      .90      .95 
   -1.00    -0.25     0.00     0.00     0.50 
                                                                         
Value      -99.00  -2.50  -2.00  -1.50  -1.00  -0.50  -0.25   0.00   0.25
Frequency      49      1    527   1552  10898   7506   1714  16370    348
Proportion  0.001  0.000  0.013  0.037  0.262  0.180  0.041  0.393  0.008
                                      
Value        0.50   1.00   1.50   2.00
Frequency    1388   1140    123     37
Proportion  0.033  0.027  0.003  0.001
--------------------------------------------------------------------------------
depconcn 
       n  missing distinct     Info     Mean      Gmd      .05      .10 
   41653        0       12    0.882  -0.5685   0.8895    -1.00    -1.00 
     .25      .50      .75      .90      .95 
   -1.00    -0.25     0.00     0.00     0.00 
                                                                         
Value      -99.00  -2.00  -1.50  -1.00  -0.50  -0.25   0.00   0.25   0.50
Frequency      74    442   1141  10417   7532   1679  19077    184    660
Proportion  0.002  0.011  0.027  0.250  0.181  0.040  0.458  0.004  0.016
                               
Value        1.00   1.50   2.00
Frequency     411     26     10
Proportion  0.010  0.001  0.000
--------------------------------------------------------------------------------
depdist 
       n  missing distinct     Info     Mean      Gmd      .05      .10 
   41653        0       12    0.835  -0.1702    1.455      0.0      0.0 
     .25      .50      .75      .90      .95 
     0.0      0.0      0.5      1.0      1.0 
                                                                         
Value      -99.00  -2.00  -1.50  -1.00  -0.50  -0.25   0.00   0.25   0.50
Frequency     209     11     20    242    284     90  22202   1830   7557
Proportion  0.005  0.000  0.000  0.006  0.007  0.002  0.533  0.044  0.181
                               
Value        1.00   1.50   2.00
Frequency    8266    655    287
Proportion  0.198  0.016  0.007
--------------------------------------------------------------------------------
depappet 
       n  missing distinct     Info     Mean      Gmd      .05      .10 
   41653        0       12    0.801  -0.1111   0.7263     -1.0     -1.0 
     .25      .50      .75      .90      .95 
     0.0      0.0      0.0      0.5      1.0 
                                                                         
Value      -99.00  -2.00  -1.50  -1.00  -0.50  -0.25   0.00   0.25   0.50
Frequency      41    159    357   3930   3774    837  24209    706   3602
Proportion  0.001  0.004  0.009  0.094  0.091  0.020  0.581  0.017  0.086
                               
Value        1.00   1.50   2.00
Frequency    3580    325    133
Proportion  0.086  0.008  0.003
--------------------------------------------------------------------------------
deppmr 
       n  missing distinct     Info     Mean      Gmd      .05      .10 
   41653        0       12    0.633   -0.188    1.043     0.00     0.00 
     .25      .50      .75      .90      .95 
    0.00     0.00     0.25     1.00     1.00 
                                                                         
Value      -99.00  -2.00  -1.50  -1.00  -0.50  -0.25   0.00   0.25   0.50
Frequency     148     23     42    488    594    119  29748    890   4648
Proportion  0.004  0.001  0.001  0.012  0.014  0.003  0.714  0.021  0.112
                               
Value        1.00   1.50   2.00
Frequency    4562    291    100
Proportion  0.110  0.007  0.002
--------------------------------------------------------------------------------
deppma 
       n  missing distinct     Info     Mean      Gmd      .05      .10 
   41653        0       12    0.654  -0.2415    1.196      0.0      0.0 
     .25      .50      .75      .90      .95 
     0.0      0.0      0.5      1.0      1.0 
                                                                         
Value      -99.00  -2.00  -1.50  -1.00  -0.50  -0.25   0.00   0.25   0.50
Frequency     185      3      8     78     62     17  29119   1476   6017
Proportion  0.004  0.000  0.000  0.002  0.001  0.000  0.699  0.035  0.144
                               
Value        1.00   1.50   2.00
Frequency    4150    432    106
Proportion  0.100  0.010  0.003
--------------------------------------------------------------------------------
elvselfe 
       n  missing distinct     Info     Mean      Gmd      .05      .10 
   41653        0       12    0.784  -0.3433   0.6802     -1.0     -1.0 
     .25      .50      .75      .90      .95 
    -0.5      0.0      0.0      0.0      0.5 
                                                                         
Value      -99.00  -2.00  -1.50  -1.00  -0.50  -0.25   0.00   0.25   0.50
Frequency      37    345   1078   7363   4835    734  24706    407   1288
Proportion  0.001  0.008  0.026  0.177  0.116  0.018  0.593  0.010  0.031
                               
Value        1.00   1.50   2.00
Frequency     810     41      9
Proportion  0.019  0.001  0.000
--------------------------------------------------------------------------------
elvsleep 
       n  missing distinct     Info     Mean      Gmd      .05      .10 
   41653        0       12    0.548 -0.04034   0.5198     -1.0      0.0 
     .25      .50      .75      .90      .95 
     0.0      0.0      0.0      0.5      1.0 
                                                                         
Value      -99.00  -2.00  -1.50  -1.00  -0.50  -0.25   0.00   0.25   0.50
Frequency      35    132    211   1784   1481    279  31942    272   1944
Proportion  0.001  0.003  0.005  0.043  0.036  0.007  0.767  0.007  0.047
                               
Value        1.00   1.50   2.00
Frequency    3056    341    176
Proportion  0.073  0.008  0.004
--------------------------------------------------------------------------------
elvtalk 
       n  missing distinct     Info     Mean      Gmd      .05      .10 
   41653        0       12     0.52  0.04941   0.3548      0.0      0.0 
     .25      .50      .75      .90      .95 
     0.0      0.0      0.0      0.5      1.0 
                                                                         
Value      -99.00  -2.00  -1.50  -1.00  -0.50  -0.25   0.00   0.25   0.50
Frequency      21     12     26    546    632    116  32589   1112   3840
Proportion  0.001  0.000  0.001  0.013  0.015  0.003  0.782  0.027  0.092
                               
Value        1.00   1.50   2.00
Frequency    2532    186     41
Proportion  0.061  0.004  0.001
--------------------------------------------------------------------------------
elvfoi 
       n  missing distinct     Info     Mean      Gmd      .05      .10 
   41653        0       12    0.609   0.1228   0.4298     0.00     0.00 
     .25      .50      .75      .90      .95 
    0.00     0.00     0.25     1.00     1.00 
                                                                         
Value      -99.00  -2.00  -1.50  -1.00  -0.50  -0.25   0.00   0.25   0.50
Frequency      26      1      5     52    105     22  30379   1489   4906
Proportion  0.001  0.000  0.000  0.001  0.003  0.001  0.729  0.036  0.118
                               
Value        1.00   1.50   2.00
Frequency    4150    405    113
Proportion  0.100  0.010  0.003
--------------------------------------------------------------------------------
elvdistr 
       n  missing distinct     Info     Mean      Gmd      .05      .10 
   41653        0       12    0.802   0.2479   0.5847      0.0      0.0 
     .25      .50      .75      .90      .95 
     0.0      0.0      0.5      1.0      1.0 
                                                                         
Value      -99.00  -2.00  -1.50  -1.00  -0.50  -0.25   0.00   0.25   0.50
Frequency      29      5      7    112    156     44  23782   1593   7005
Proportion  0.001  0.000  0.000  0.003  0.004  0.001  0.571  0.038  0.168
                               
Value        1.00   1.50   2.00
Frequency    8003    638    279
Proportion  0.192  0.015  0.007
--------------------------------------------------------------------------------
elvgdact 
       n  missing distinct     Info     Mean      Gmd      .05      .10 
   41653        0       12    0.502  -0.5307    1.383     -0.5      0.0 
     .25      .50      .75      .90      .95 
     0.0      0.0      0.0      0.5      0.5 
                                                                         
Value      -99.00  -2.00  -1.50  -1.00  -0.50  -0.25   0.00   0.25   0.50
Frequency     235     63    242   1477   1085     79  33003    660   2734
Proportion  0.006  0.002  0.006  0.035  0.026  0.002  0.792  0.016  0.066
                               
Value        1.00   1.50   2.00
Frequency    1943    102     30
Proportion  0.047  0.002  0.001
--------------------------------------------------------------------------------
elvpma 
       n  missing distinct     Info     Mean      Gmd      .05      .10 
   41653        0       12    0.621  -0.3056    1.292     0.00     0.00 
     .25      .50      .75      .90      .95 
    0.00     0.00     0.25     1.00     1.00 
                                                                         
Value      -99.00  -2.00  -1.50  -1.00  -0.50  -0.25   0.00   0.25   0.50
Frequency     208      3      2     55     39     11  30055   1259   5407
Proportion  0.005  0.000  0.000  0.001  0.001  0.000  0.722  0.030  0.130
                               
Value        1.00   1.50   2.00
Frequency    4085    423    106
Proportion  0.098  0.010  0.003
--------------------------------------------------------------------------------
elvhrb 
       n  missing distinct     Info     Mean      Gmd      .05      .10 
   41653        0       11    0.241  -0.1562   0.5279      0.0      0.0 
     .25      .50      .75      .90      .95 
     0.0      0.0      0.0      0.0      0.5 
                                                                         
Value      -99.00  -2.00  -1.00  -0.50  -0.25   0.00   0.25   0.50   1.00
Frequency      89      1     11     17      4  37995    510   1827   1060
Proportion  0.002  0.000  0.000  0.000  0.000  0.912  0.012  0.044  0.025
                        
Value        1.50   2.00
Frequency     104     35
Proportion  0.002  0.001
--------------------------------------------------------------------------------
depsi 
       n  missing distinct     Info     Mean      Gmd      .05      .10 
   41653        0       11    0.519  -0.0489   0.5757      0.0      0.0 
     .25      .50      .75      .90      .95 
     0.0      0.0      0.0      0.5      1.0 
                                                                         
Value      -99.00  -1.50  -1.00  -0.50  -0.25   0.00   0.25   0.50   1.00
Frequency      75      2      8     21     11  32607   1840   4530   2366
Proportion  0.002  0.000  0.000  0.001  0.000  0.783  0.044  0.109  0.057
                        
Value        1.50   2.00
Frequency     129     64
Proportion  0.003  0.002
--------------------------------------------------------------------------------
silnwl 
       n  missing distinct     Info     Mean      Gmd 
   41653        0        3    0.792   -56.23    48.82 
                            
Value        -99     0     1
Frequency  23726 11114  6813
Proportion 0.570 0.267 0.164
--------------------------------------------------------------------------------
sipassiv 
       n  missing distinct     Info     Mean      Gmd 
   41653        0        3    0.775   -56.33     48.7 
                            
Value        -99     0     1
Frequency  23736 14189  3728
Proportion 0.570 0.341 0.090
--------------------------------------------------------------------------------
siactive 
       n  missing distinct     Info     Mean      Gmd 
   41653        0        3    0.743   -56.45    48.55 
                            
Value        -99     0     1
Frequency  23755 17258   640
Proportion 0.570 0.414 0.015
--------------------------------------------------------------------------------
depslmin 
       n  missing distinct     Info     Mean      Gmd      .05      .10 
   41653        0       14    0.941   -2.908    14.54      -99        2 
     .25      .50      .75      .90      .95 
       3        4        5        6        6 
                                                                            
Value        -99     0     1     2     3     4     5     6     7     8     9
Frequency   2904     9   969  1680  6246 12144 12973  3569   924   152    60
Proportion 0.070 0.000 0.023 0.040 0.150 0.292 0.311 0.086 0.022 0.004 0.001
                            
Value         10    11    12
Frequency     17     5     1
Proportion 0.000 0.000 0.000
--------------------------------------------------------------------------------
depslmax 
       n  missing distinct     Info     Mean      Gmd      .05      .10 
   41653        0       15    0.945   -1.782    15.25      -99        4 
     .25      .50      .75      .90      .95 
       5        5        6        7        8 
                                                                            
Value        -99     0     1     2     3     4     5     6     7     8     9
Frequency   2995     2    98    89   903  4176 13198 11145  5454  1878  1063
Proportion 0.072 0.000 0.002 0.002 0.022 0.100 0.317 0.268 0.131 0.045 0.026
                                  
Value         10    11    12    13
Frequency    341   219    37    55
Proportion 0.008 0.005 0.001 0.001
--------------------------------------------------------------------------------
smspi 
       n  missing distinct     Info     Mean      Gmd 
   41653        0        6    0.204  -0.5883    1.542 
                                              
Value        -99     0     1     2     3     4
Frequency    288 38596  1794   754   177    44
Proportion 0.007 0.927 0.043 0.018 0.004 0.001
--------------------------------------------------------------------------------
smshallu 
       n  missing distinct     Info     Mean      Gmd 
   41653        0        6    0.102  -0.8064    1.756 
                                              
Value        -99     0     1     2     3     4
Frequency    356 40192   687   312    82    24
Proportion 0.009 0.965 0.016 0.007 0.002 0.001
--------------------------------------------------------------------------------
smsior 
       n  missing distinct     Info     Mean      Gmd 
   41653        0        6    0.082  -0.6839    1.482 
                                              
Value        -99     0     1     2     3     4
Frequency    301 40475   531   270    63    13
Proportion 0.007 0.972 0.013 0.006 0.002 0.000
--------------------------------------------------------------------------------
smsdelus 
       n  missing distinct     Info     Mean      Gmd 
   41653        0        6    0.072  -0.8266    1.754 
                                              
Value        -99     0     1     2     3     4
Frequency    360 40628   311   210    98    46
Proportion 0.009 0.975 0.007 0.005 0.002 0.001
--------------------------------------------------------------------------------
smsocd 
       n  missing distinct     Info     Mean      Gmd 
   41653        0        6    0.162  -0.7115    1.734 
                                              
Value        -99     0     1     2     3     4
Frequency    334 39274   994   765   237    49
Proportion 0.008 0.943 0.024 0.018 0.006 0.001
--------------------------------------------------------------------------------
