              depresd       lessint     moodelev      curdepr     curenjoy
depresd   1.000000000  0.0837070062  0.302464108  0.137206434  0.112580174
lessint   0.083707006  1.0000000000  0.026401435  0.071865443  0.104636600
moodelev  0.302464108  0.0264014348  1.000000000  0.104000396  0.091342630
curdepr   0.137206434  0.0718654432  0.104000396  1.000000000  0.738143838
curenjoy  0.112580174  0.1046366004  0.091342630  0.738143838  1.000000000
curmania  0.068240377  0.0678201133  0.161722385  0.665957820  0.593224761
abnirrit  0.402073328  0.0479475771  0.424525658  0.083573119  0.081442949
curirrit  0.052334960  0.0694226517  0.101993935  0.579271490  0.536756082
abnanx    0.340362316  0.0440006688  0.274854329  0.086755729  0.082339378
deprmd    0.024932945  0.9847867294  0.015075623  0.066723677  0.094128758
depsleep  0.034316325 -0.0016320056  0.019505449  0.023614297  0.019171625
depinter -0.039141706  0.0012346940  0.038350581  0.040115712  0.039768165
depguilt  0.023185272  0.0077334326  0.024940081  0.006827592  0.020454983
depse    -0.022688506 -0.0047205516  0.035486234  0.030813464  0.023551563
depenerg -0.022426558 -0.0066146135  0.072999796  0.023737614  0.018533003
depconcn -0.029506315  0.0087104381  0.017580726  0.029249402  0.030388127
depdist   0.018572287  0.0132611186  0.041672099  0.032780928  0.034462145
depappet  0.010181802  0.0056275907  0.034239060  0.021531403  0.017091072
deppmr    0.019343520  0.0157625675  0.022987823  0.039214634  0.030631554
deppma    0.019991535  0.0107062570  0.038988779  0.039838197  0.040638733
elvselfe -0.050823739  0.0080722438  0.044073156  0.016646025  0.033488673
elvsleep  0.030725567  0.0038293383 -0.004065153  0.012860028  0.031573644
elvtalk   0.001104763 -0.0033115728  0.058395670  0.034384292  0.026937951
elvfoi    0.023665064  0.0028207419  0.059314707  0.017448531  0.013245898
elvdistr  0.065416849  0.0296549950  0.064980514  0.050627370  0.065360653
elvgdact -0.012333100  0.0064430968  0.016265154  0.015377139  0.010241480
elvpma    0.001727978 -0.0005223627  0.015121472  0.030736504  0.033070714
elvhrb    0.010177976 -0.0025240017  0.023980720  0.004268471  0.009388123
depsi     0.032420054 -0.0095922984  0.013901497  0.028702658  0.006763754
silnwl    0.179588915 -0.3944308251 -0.010476265 -0.007974761 -0.024310133
sipassiv  0.179159072 -0.3954713615 -0.010801208 -0.008161449 -0.024434693
siactive  0.178020339 -0.3954129555 -0.010920642 -0.008436043 -0.024749978
depslmin  0.034474597  0.0596839385  0.013902626  0.019504705  0.023986951
depslmax  0.037582119  0.1022379106  0.015542441  0.043553042  0.042149136
smspi     0.016165711 -0.0049643442  0.037068622  0.019405532  0.053458778
smshallu  0.011669839 -0.0089594132  0.035533509  0.020717880  0.043561473
smsior    0.013593958 -0.0087462960  0.041850921  0.018433003  0.040394366
smsdelus  0.010275869 -0.0034870328  0.036131356  0.020377030  0.046568566
smsocd    0.020390628 -0.0074457897  0.044403726  0.026559745  0.045569445
             curmania     abnirrit     curirrit       abnanx        deprmd
depresd   0.068240377  0.402073328  0.052334960  0.340362316  0.0249329450
lessint   0.067820113  0.047947577  0.069422652  0.044000669  0.9847867294
moodelev  0.161722385  0.424525658  0.101993935  0.274854329  0.0150756232
curdepr   0.665957820  0.083573119  0.579271490  0.086755729  0.0667236765
curenjoy  0.593224761  0.081442949  0.536756082  0.082339378  0.0941287579
curmania  1.000000000  0.096329709  0.676736365  0.093470402  0.0678784215
abnirrit  0.096329709  1.000000000  0.126301396  0.385872266  0.0277194715
curirrit  0.676736365  0.126301396  1.000000000  0.091010310  0.0703977079
abnanx    0.093470402  0.385872266  0.091010310  1.000000000  0.0289939966
deprmd    0.067878422  0.027719471  0.070397708  0.028993997  1.0000000000
depsleep  0.017765126  0.024930268  0.022131256  0.007031752  0.0009147439
depinter  0.042332273  0.015225652  0.047230052  0.011815730  0.0263474443
depguilt  0.008478632  0.027691579  0.020187196  0.023715278  0.0136405238
depse     0.022868755  0.014424661  0.026434713  0.016896957  0.0038529222
depenerg  0.028664558  0.026951050  0.020571592  0.011338751  0.0048654475
depconcn  0.028607561 -0.007803453  0.035005921 -0.004683876  0.0213303032
depdist   0.026772030  0.036596742  0.025145569  0.037599030  0.0160556439
depappet  0.018535309  0.034123451  0.024114869  0.031038212  0.0119696052
deppmr    0.029919145  0.013231436  0.037124824  0.013401515  0.0246316204
deppma    0.028419895  0.040199941  0.034679248  0.053485307  0.0150206906
elvselfe  0.020257967 -0.011593446  0.033414714 -0.023172014  0.0239216820
elvsleep  0.006637052  0.013616717  0.036275096  0.024674441  0.0155936906
elvtalk   0.034621223  0.034188971  0.039788417  0.020106124  0.0076327242
elvfoi    0.017307674  0.049653330  0.036152633  0.029686913  0.0097634165
elvdistr  0.042115153  0.047745238  0.067137840  0.032664283  0.0318641504
elvgdact  0.013636890  0.004573891  0.042665855  0.004631792  0.0120362059
elvpma    0.026325028  0.029554762  0.028531146  0.040997990  0.0079568364
elvhrb    0.004514305  0.016158586  0.008152613  0.007373733  0.0035759855
depsi     0.013636635  0.016914261  0.023517828  0.019337697 -0.0085011416
silnwl   -0.024244993  0.063204859 -0.022876088  0.069257418 -0.4162821372
sipassiv -0.023720357  0.062356247 -0.023048633  0.068787562 -0.4173041352
siactive -0.024573272  0.062051976 -0.023244203  0.068492588 -0.4171669364
depslmin  0.017704974  0.040760247  0.019131259  0.039573042  0.0573817223
depslmax  0.039914929  0.044777570  0.035129116  0.044361124  0.0997380135
smspi     0.027810036  0.037705395  0.051998426  0.043825554 -0.0027348504
smshallu  0.027206195  0.033458803  0.051436245  0.034678719 -0.0076051694
smsior    0.026425480  0.034094867  0.046735162  0.044384549 -0.0060793338
smsdelus  0.026823586  0.034787838  0.051429672  0.038368936 -0.0015144543
smsocd    0.036319379  0.035669950  0.053610504  0.051383652 -0.0047286511
              depsleep     depinter      depguilt        depse      depenerg
depresd   0.0343163252 -0.039141706  0.0231852718 -0.022688506 -0.0224265583
lessint  -0.0016320056  0.001234694  0.0077334326 -0.004720552 -0.0066146135
moodelev  0.0195054487  0.038350581  0.0249400814  0.035486234  0.0729997960
curdepr   0.0236142974  0.040115712  0.0068275917  0.030813464  0.0237376137
curenjoy  0.0191716251  0.039768165  0.0204549829  0.023551563  0.0185330032
curmania  0.0177651257  0.042332273  0.0084786322  0.022868755  0.0286645576
abnirrit  0.0249302676  0.015225652  0.0276915794  0.014424661  0.0269510503
curirrit  0.0221312555  0.047230052  0.0201871958  0.026434713  0.0205715922
abnanx    0.0070317524  0.011815730  0.0237152780  0.016896957  0.0113387508
deprmd    0.0009147439  0.026347444  0.0136405238  0.003852922  0.0048654475
depsleep  1.0000000000  0.099963238  0.0708086200  0.033216348  0.0832459954
depinter  0.0999632380  1.000000000  0.1509274812  0.121906482  0.2074103272
depguilt  0.0708086200  0.150927481  1.0000000000  0.205148992  0.0955264096
depse     0.0332163478  0.121906482  0.2051489917  1.000000000  0.0806782569
depenerg  0.0832459954  0.207410327  0.0955264096  0.080678257  1.0000000000
depconcn  0.0564948525  0.151604001  0.1509986988  0.099926409  0.1369825033
depdist   0.0392031103  0.110012443  0.1798952146  0.384310348  0.1033396425
depappet  0.1526770999  0.158904473  0.1165377124  0.095498205  0.1100244406
deppmr    0.0553456943  0.122447434  0.1670668938  0.116727436  0.0886596307
deppma    0.0644415367  0.128069213  0.1727677606  0.346300575  0.0818395631
elvselfe  0.0496538300  0.132339756  0.1068492481  0.106681735  0.0549527246
elvsleep  0.0904116541  0.123068271  0.1282533311  0.088209461  0.0409216164
elvtalk   0.0633943945  0.112262799  0.0663922418  0.085102450  0.0975425830
elvfoi    0.0575209912  0.071793697  0.0465230798  0.075123871  0.0548423605
elvdistr  0.0552764449  0.158479229  0.0942061677  0.084842919  0.1250744670
elvgdact  0.0198689875  0.050390535  0.0974550728  0.059305756  0.0466445559
elvpma    0.0386782444  0.102356140  0.1493950293  0.304956671  0.0558153813
elvhrb    0.0658065626  0.080076141  0.0766669392  0.072906222  0.0445779509
depsi     0.0540386918  0.053147300  0.0623742348  0.031520962  0.0933889597
silnwl    0.0054907117 -0.033720352  0.0004123690 -0.022864505 -0.0266414155
sipassiv  0.0054750512 -0.033657118 -0.0009358476 -0.022961288 -0.0266812818
siactive  0.0055580760 -0.033604621 -0.0004237543 -0.023717657 -0.0265589998
depslmin  0.0564308573  0.011659599  0.0531701188  0.060737052  0.0007970973
depslmax  0.0547634865  0.012093693  0.0516136398  0.059892762  0.0024579179
smspi     0.0167375557  0.078171523  0.0723054081  0.059300031  0.0538401389
smshallu  0.0161316777  0.070245139  0.0670373984  0.077140137  0.0476038994
smsior    0.0165193155  0.076857138  0.0738145334  0.062126336  0.0524433075
smsdelus  0.0150090157  0.070250685  0.0661097376  0.072727144  0.0483456130
smsocd    0.0153322985  0.072676256  0.0769037060  0.067626416  0.0492948245
             depconcn      depdist     depappet       deppmr      deppma
depresd  -0.029506315  0.018572287  0.010181802  0.019343520  0.01999154
lessint   0.008710438  0.013261119  0.005627591  0.015762568  0.01070626
moodelev  0.017580726  0.041672099  0.034239060  0.022987823  0.03898878
curdepr   0.029249402  0.032780928  0.021531403  0.039214634  0.03983820
curenjoy  0.030388127  0.034462145  0.017091072  0.030631554  0.04063873
curmania  0.028607561  0.026772030  0.018535309  0.029919145  0.02841990
abnirrit -0.007803453  0.036596742  0.034123451  0.013231436  0.04019994
curirrit  0.035005921  0.025145569  0.024114869  0.037124824  0.03467925
abnanx   -0.004683876  0.037599030  0.031038212  0.013401515  0.05348531
deprmd    0.021330303  0.016055644  0.011969605  0.024631620  0.01502069
depsleep  0.056494852  0.039203110  0.152677100  0.055345694  0.06444154
depinter  0.151604001  0.110012443  0.158904473  0.122447434  0.12806921
depguilt  0.150998699  0.179895215  0.116537712  0.167066894  0.17276776
depse     0.099926409  0.384310348  0.095498205  0.116727436  0.34630058
depenerg  0.136982503  0.103339642  0.110024441  0.088659631  0.08183956
depconcn  1.000000000  0.272885850  0.179721808  0.224093059  0.15709552
depdist   0.272885850  1.000000000  0.103477527  0.200091478  0.46474008
depappet  0.179721808  0.103477527  1.000000000  0.227133426  0.19017656
deppmr    0.224093059  0.200091478  0.227133426  1.000000000  0.33828843
deppma    0.157095517  0.464740077  0.190176560  0.338288433  1.00000000
elvselfe  0.077726635  0.092771247  0.100922717  0.127207253  0.12456927
elvsleep  0.075632229  0.068069501  0.103119473  0.110600736  0.10851799
elvtalk   0.122340033  0.088667805  0.132005026  0.153747850  0.09513787
elvfoi    0.083443053  0.070140883  0.087340564  0.090754360  0.08768225
elvdistr  0.158325621  0.125453500  0.110204863  0.149677445  0.12494348
elvgdact  0.104258460  0.092661092  0.079661683  0.198418052  0.08469116
elvpma    0.115227300  0.380796231  0.082662639  0.194207821  0.43754092
elvhrb    0.071598260  0.054519857  0.098211785  0.100276921  0.08196430
depsi     0.102310641  0.084186920  0.103794374  0.147328447  0.08859367
silnwl   -0.022960697 -0.005956802 -0.013694907 -0.004745930 -0.01454718
sipassiv -0.022902101 -0.006063698 -0.013630621 -0.004807539 -0.01535914
siactive -0.022830771 -0.005464358 -0.013598002 -0.004950706 -0.01471256
depslmin  0.024030248  0.066157635  0.021346504  0.031752823  0.07950147
depslmax  0.027575143  0.073610892  0.022891033  0.037474103  0.07680393
smspi     0.063199586  0.068328301  0.034135162  0.043400953  0.06832952
smshallu  0.045095055  0.070925304  0.038644338  0.042622274  0.07220907
smsior    0.056479296  0.053917738  0.042690840  0.047450229  0.06169539
smsdelus  0.063172081  0.081382267  0.029909012  0.051350080  0.07956101
smsocd    0.059248485  0.062811857  0.040104409  0.048767729  0.06304942
             elvselfe     elvsleep      elvtalk      elvfoi    elvdistr
depresd  -0.050823739  0.030725567  0.001104763 0.023665064 0.065416849
lessint   0.008072244  0.003829338 -0.003311573 0.002820742 0.029654995
moodelev  0.044073156 -0.004065153  0.058395670 0.059314707 0.064980514
curdepr   0.016646025  0.012860028  0.034384292 0.017448531 0.050627370
curenjoy  0.033488673  0.031573644  0.026937951 0.013245898 0.065360653
curmania  0.020257967  0.006637052  0.034621223 0.017307674 0.042115153
abnirrit -0.011593446  0.013616717  0.034188971 0.049653330 0.047745238
curirrit  0.033414714  0.036275096  0.039788417 0.036152633 0.067137840
abnanx   -0.023172014  0.024674441  0.020106124 0.029686913 0.032664283
deprmd    0.023921682  0.015593691  0.007632724 0.009763416 0.031864150
depsleep  0.049653830  0.090411654  0.063394395 0.057520991 0.055276445
depinter  0.132339756  0.123068271  0.112262799 0.071793697 0.158479229
depguilt  0.106849248  0.128253331  0.066392242 0.046523080 0.094206168
depse     0.106681735  0.088209461  0.085102450 0.075123871 0.084842919
depenerg  0.054952725  0.040921616  0.097542583 0.054842360 0.125074467
depconcn  0.077726635  0.075632229  0.122340033 0.083443053 0.158325621
depdist   0.092771247  0.068069501  0.088667805 0.070140883 0.125453500
depappet  0.100922717  0.103119473  0.132005026 0.087340564 0.110204863
deppmr    0.127207253  0.110600736  0.153747850 0.090754360 0.149677445
deppma    0.124569273  0.108517987  0.095137866 0.087682246 0.124943476
elvselfe  1.000000000  0.426086638  0.282335130 0.279302999 0.317884312
elvsleep  0.426086638  1.000000000  0.390104478 0.351425069 0.367935523
elvtalk   0.282335130  0.390104478  1.000000000 0.468398340 0.398133558
elvfoi    0.279302999  0.351425069  0.468398340 1.000000000 0.362967509
elvdistr  0.317884312  0.367935523  0.398133558 0.362967509 1.000000000
elvgdact  0.170266745  0.137401318  0.195660267 0.160997798 0.162964696
elvpma    0.139445098  0.194969388  0.166314710 0.136279302 0.182426513
elvhrb    0.206061080  0.227417217  0.228175043 0.245238443 0.191700614
depsi     0.031313563  0.057582158  0.072307545 0.088804598 0.083764566
silnwl   -0.049956469  0.003964655 -0.010690166 0.004339800 0.005586802
sipassiv -0.049898074  0.005366033 -0.010690296 0.004235924 0.007277636
siactive -0.049749050  0.003906850 -0.010771709 0.004176465 0.007262569
depslmin  0.001706355  0.028767880  0.014611260 0.015220095 0.024004452
depslmax  0.005485050  0.032509599  0.013092809 0.014262705 0.027919925
smspi     0.061191814  0.068099267  0.012272958 0.020842631 0.033610260
smshallu  0.053851149  0.061974914  0.008648743 0.016387194 0.028052171
smsior    0.059913802  0.067370392  0.010049484 0.018309076 0.030652750
smsdelus  0.062600368  0.061027498  0.008823447 0.026742475 0.028154809
smsocd    0.065618481  0.072994583  0.009368854 0.028462757 0.029213055
             elvgdact        elvpma       elvhrb        depsi       silnwl
depresd  -0.012333100  0.0017279777  0.010177976  0.032420054  0.179588915
lessint   0.006443097 -0.0005223627 -0.002524002 -0.009592298 -0.394430825
moodelev  0.016265154  0.0151214721  0.023980720  0.013901497 -0.010476265
curdepr   0.015377139  0.0307365037  0.004268471  0.028702658 -0.007974761
curenjoy  0.010241480  0.0330707141  0.009388123  0.006763754 -0.024310133
curmania  0.013636890  0.0263250285  0.004514305  0.013636635 -0.024244993
abnirrit  0.004573891  0.0295547620  0.016158586  0.016914261  0.063204859
curirrit  0.042665855  0.0285311459  0.008152613  0.023517828 -0.022876088
abnanx    0.004631792  0.0409979898  0.007373733  0.019337697  0.069257418
deprmd    0.012036206  0.0079568364  0.003575985 -0.008501142 -0.416282137
depsleep  0.019868988  0.0386782444  0.065806563  0.054038692  0.005490712
depinter  0.050390535  0.1023561401  0.080076141  0.053147300 -0.033720352
depguilt  0.097455073  0.1493950293  0.076666939  0.062374235  0.000412369
depse     0.059305756  0.3049566705  0.072906222  0.031520962 -0.022864505
depenerg  0.046644556  0.0558153813  0.044577951  0.093388960 -0.026641416
depconcn  0.104258460  0.1152272996  0.071598260  0.102310641 -0.022960697
depdist   0.092661092  0.3807962307  0.054519857  0.084186920 -0.005956802
depappet  0.079661683  0.0826626392  0.098211785  0.103794374 -0.013694907
deppmr    0.198418052  0.1942078215  0.100276921  0.147328447 -0.004745930
deppma    0.084691161  0.4375409156  0.081964300  0.088593674 -0.014547182
elvselfe  0.170266745  0.1394450982  0.206061080  0.031313563 -0.049956469
elvsleep  0.137401318  0.1949693879  0.227417217  0.057582158  0.003964655
elvtalk   0.195660267  0.1663147105  0.228175043  0.072307545 -0.010690166
elvfoi    0.160997798  0.1362793022  0.245238443  0.088804598  0.004339800
elvdistr  0.162964696  0.1824265128  0.191700614  0.083764566  0.005586802
elvgdact  1.000000000  0.1691695664  0.218050678  0.047657013 -0.023078236
elvpma    0.169169566  1.0000000000  0.157764029  0.069038028 -0.005321753
elvhrb    0.218050678  0.1577640293  1.000000000  0.107066998 -0.007213201
depsi     0.047657013  0.0690380277  0.107066998  1.000000000  0.059149921
silnwl   -0.023078236 -0.0053217529 -0.007213201  0.059149921  1.000000000
sipassiv -0.023093610 -0.0054488016 -0.006160764  0.059123349  0.997107132
siactive -0.023226679 -0.0055474463 -0.006259279  0.058805943  0.997654484
depslmin  0.013845311  0.0573556075  0.011663644  0.014281748 -0.012761637
depslmax  0.011248662  0.0600260560  0.013502565  0.016282432 -0.039102969
smspi     0.039131776  0.0607531131  0.021100763  0.037156583  0.001025627
smshallu  0.044307425  0.0677644414  0.035094987  0.032408107  0.004372463
smsior    0.041894553  0.0538541184  0.026296084  0.035881586  0.004150585
smsdelus  0.051112965  0.0672305399  0.029048522  0.032017317  0.002781162
smsocd    0.053653508  0.0667905484  0.042285850  0.040111848  0.006866973
              sipassiv      siactive      depslmin     depslmax         smspi
depresd   0.1791590725  0.1780203386  0.0344745967  0.037582119  0.0161657112
lessint  -0.3954713615 -0.3954129555  0.0596839385  0.102237911 -0.0049643442
moodelev -0.0108012075 -0.0109206421  0.0139026255  0.015542441  0.0370686219
curdepr  -0.0081614485 -0.0084360427  0.0195047050  0.043553042  0.0194055317
curenjoy -0.0244346932 -0.0247499778  0.0239869514  0.042149136  0.0534587780
curmania -0.0237203571 -0.0245732720  0.0177049736  0.039914929  0.0278100356
abnirrit  0.0623562467  0.0620519761  0.0407602471  0.044777570  0.0377053953
curirrit -0.0230486330 -0.0232442031  0.0191312590  0.035129116  0.0519984264
abnanx    0.0687875620  0.0684925882  0.0395730419  0.044361124  0.0438255538
deprmd   -0.4173041352 -0.4171669364  0.0573817223  0.099738013 -0.0027348504
depsleep  0.0054750512  0.0055580760  0.0564308573  0.054763486  0.0167375557
depinter -0.0336571183 -0.0336046209  0.0116595992  0.012093693  0.0781715234
depguilt -0.0009358476 -0.0004237543  0.0531701188  0.051613640  0.0723054081
depse    -0.0229612882 -0.0237176573  0.0607370517  0.059892762  0.0593000312
depenerg -0.0266812818 -0.0265589998  0.0007970973  0.002457918  0.0538401389
depconcn -0.0229021011 -0.0228307707  0.0240302475  0.027575143  0.0631995858
depdist  -0.0060636984 -0.0054643578  0.0661576348  0.073610892  0.0683283009
depappet -0.0136306208 -0.0135980022  0.0213465042  0.022891033  0.0341351617
deppmr   -0.0048075394 -0.0049507056  0.0317528227  0.037474103  0.0434009533
deppma   -0.0153591371 -0.0147125643  0.0795014703  0.076803927  0.0683295154
elvselfe -0.0498980738 -0.0497490496  0.0017063546  0.005485050  0.0611918138
elvsleep  0.0053660328  0.0039068503  0.0287678800  0.032509599  0.0680992668
elvtalk  -0.0106902959 -0.0107717088  0.0146112600  0.013092809  0.0122729580
elvfoi    0.0042359238  0.0041764652  0.0152200949  0.014262705  0.0208426310
elvdistr  0.0072776362  0.0072625692  0.0240044515  0.027919925  0.0336102604
elvgdact -0.0230936103 -0.0232266790  0.0138453106  0.011248662  0.0391317756
elvpma   -0.0054488016 -0.0055474463  0.0573556075  0.060026056  0.0607531131
elvhrb   -0.0061607640 -0.0062592791  0.0116636442  0.013502565  0.0211007626
depsi     0.0591233494  0.0588059432  0.0142817483  0.016282432  0.0371565834
silnwl    0.9971071325  0.9976544836 -0.0127616373 -0.039102969  0.0010256267
sipassiv  1.0000000000  0.9979519308 -0.0126286428 -0.039773302  0.0008734904
siactive  0.9979519308  1.0000000000 -0.0124064239 -0.039237803  0.0007738710
depslmin -0.0126286428 -0.0124064239  1.0000000000  0.814058824  0.0449493978
depslmax -0.0397733017 -0.0392378031  0.8140588240  1.000000000  0.0444689180
smspi     0.0008734904  0.0007738710  0.0449493978  0.044468918  1.0000000000
smshallu  0.0042565100  0.0041414519  0.0483881114  0.047858693  0.8307141711
smsior    0.0040294822  0.0039097103  0.0461887670  0.044362521  0.9143435096
smsdelus  0.0026847881  0.0025572757  0.0493729863  0.045639331  0.8262411052
smsocd    0.0067201334  0.0066030612  0.0461320537  0.041031986  0.8530246990
             smshallu       smsior     smsdelus       smsocd
depresd   0.011669839  0.013593958  0.010275869  0.020390628
lessint  -0.008959413 -0.008746296 -0.003487033 -0.007445790
moodelev  0.035533509  0.041850921  0.036131356  0.044403726
curdepr   0.020717880  0.018433003  0.020377030  0.026559745
curenjoy  0.043561473  0.040394366  0.046568566  0.045569445
curmania  0.027206195  0.026425480  0.026823586  0.036319379
abnirrit  0.033458803  0.034094867  0.034787838  0.035669950
curirrit  0.051436245  0.046735162  0.051429672  0.053610504
abnanx    0.034678719  0.044384549  0.038368936  0.051383652
deprmd   -0.007605169 -0.006079334 -0.001514454 -0.004728651
depsleep  0.016131678  0.016519316  0.015009016  0.015332299
depinter  0.070245139  0.076857138  0.070250685  0.072676256
depguilt  0.067037398  0.073814533  0.066109738  0.076903706
depse     0.077140137  0.062126336  0.072727144  0.067626416
depenerg  0.047603899  0.052443307  0.048345613  0.049294825
depconcn  0.045095055  0.056479296  0.063172081  0.059248485
depdist   0.070925304  0.053917738  0.081382267  0.062811857
depappet  0.038644338  0.042690840  0.029909012  0.040104409
deppmr    0.042622274  0.047450229  0.051350080  0.048767729
deppma    0.072209067  0.061695394  0.079561008  0.063049422
elvselfe  0.053851149  0.059913802  0.062600368  0.065618481
elvsleep  0.061974914  0.067370392  0.061027498  0.072994583
elvtalk   0.008648743  0.010049484  0.008823447  0.009368854
elvfoi    0.016387194  0.018309076  0.026742475  0.028462757
elvdistr  0.028052171  0.030652750  0.028154809  0.029213055
elvgdact  0.044307425  0.041894553  0.051112965  0.053653508
elvpma    0.067764441  0.053854118  0.067230540  0.066790548
elvhrb    0.035094987  0.026296084  0.029048522  0.042285850
depsi     0.032408107  0.035881586  0.032017317  0.040111848
silnwl    0.004372463  0.004150585  0.002781162  0.006866973
sipassiv  0.004256510  0.004029482  0.002684788  0.006720133
siactive  0.004141452  0.003909710  0.002557276  0.006603061
depslmin  0.048388111  0.046188767  0.049372986  0.046132054
depslmax  0.047858693  0.044362521  0.045639331  0.041031986
smspi     0.830714171  0.914343510  0.826241105  0.853024699
smshallu  1.000000000  0.843696598  0.914181617  0.805487862
smsior    0.843696598  1.000000000  0.842300909  0.886533923
smsdelus  0.914181617  0.842300909  1.000000000  0.812479827
smsocd    0.805487862  0.886533923  0.812479827  1.000000000
