base 

 135  Variables      3750  Observations
--------------------------------------------------------------------------------
stepid 
       n  missing distinct     Info     Mean      Gmd      .05      .10 
    3750        0     3750        1   339247   274799   108896   117992 
     .25      .50      .75      .90      .95 
  147297   195576   521750   801494   900475 

lowest :   8729  13332  22086  33367  43013, highest: 996392 996871 997270 997705 997726
--------------------------------------------------------------------------------
dayscons_ade 
       n  missing distinct     Info     Mean      Gmd      .05      .10 
    3750        0       84    0.627     2.51    7.417       -3        0 
     .25      .50      .75      .90      .95 
       0        0        0       14       23 

lowest : -42 -41 -39 -38 -36, highest:  39  40  41  42  43
--------------------------------------------------------------------------------
dayscons_weeks_ade 
       n  missing distinct     Info     Mean      Gmd      .05      .10 
    3750        0       13    0.543   0.2661   0.9927       -1        0 
     .25      .50      .75      .90      .95 
       0        0        0        2        3 
                                                                            
Value         -6    -5    -4    -3    -2    -1     0     1     2     3     4
Frequency      7    16    22    41    54    91  2888   200   178   115    74
Proportion 0.002 0.004 0.006 0.011 0.014 0.024 0.770 0.053 0.047 0.031 0.020
                      
Value          5     6
Frequency     51    13
Proportion 0.014 0.003
--------------------------------------------------------------------------------
dayscons_mini 
       n  missing distinct     Info     Mean      Gmd      .05      .10 
    3750        0       56    0.841    5.796    9.363       -1        0 
     .25      .50      .75      .90      .95 
       0        0       10       21       28 

lowest : -30 -28 -18 -17 -16, highest:  39  40  41  42  59
--------------------------------------------------------------------------------
dayscons_weeks_mini 
       n  missing distinct     Info     Mean      Gmd      .05      .10 
    3750        0       13    0.787   0.6237     1.33       -1        0 
     .25      .50      .75      .90      .95 
       0        0        1        3        4 
                                                                            
Value         -5    -4    -3    -2    -1     0     1     2     3     4     5
Frequency      1     1     4     5   357  2228   376   343   190   149    79
Proportion 0.000 0.000 0.001 0.001 0.095 0.594 0.100 0.091 0.051 0.040 0.021
                      
Value          6     8
Frequency     16     1
Proportion 0.004 0.000
--------------------------------------------------------------------------------
dayscons_x 
       n  missing distinct     Info     Mean      Gmd      .05      .10 
    3750        0      111    0.804    2.394    7.973       -1       -1 
     .25      .50      .75      .90      .95 
      -1       -1        1       13       22 

lowest : -42 -41 -40 -39 -38, highest: 115 116 117 153 155
--------------------------------------------------------------------------------
dayscons_weeks_x 
       n  missing distinct     Info     Mean      Gmd      .05      .10 
    3750        0       23    0.777  -0.2749    1.355       -1       -1 
     .25      .50      .75      .90      .95 
      -1       -1        0        1        3 

lowest : -6 -5 -4 -3 -2, highest: 14 15 16 21 22
--------------------------------------------------------------------------------
dayscons_y 
       n  missing distinct     Info     Mean      Gmd      .05      .10 
    3750        0      516    0.734    243.1    386.7       -1       -1 
     .25      .50      .75      .90      .95 
      -1       -1      356     1060     1297 

lowest :   -1    0    1    2    3, highest: 1826 1827 1836 1840 1856
--------------------------------------------------------------------------------
dayscons_weeks_y 
       n  missing distinct     Info     Mean      Gmd      .05      .10 
    3750        0      116    0.734    34.05    55.47     -1.0     -1.0 
     .25      .50      .75      .90      .95 
    -1.0     -1.0     50.0    151.2    185.0 

lowest :  -1   0   1   2   3, highest: 259 260 261 262 265
--------------------------------------------------------------------------------
certcode_ade 
       n  missing distinct     Info     Mean      Gmd      .05      .10 
    3750        0      184    0.999    11171     7419     1204     1295 
     .25      .50      .75      .90      .95 
    6123    13134    16195    19186    20193 

lowest :  1111  1136  1137  1141  1144, highest: 21244 22125 22135 22163 22195
--------------------------------------------------------------------------------
certcode_mini 
       n  missing distinct     Info     Mean      Gmd      .05      .10 
    3750        0      139    0.998     9983     8005       -1     1145 
     .25      .50      .75      .90      .95 
    3219    10134    16155    19156    20235 

lowest :    -1  1111  1145  1195  1201, highest: 21222 21225 22256 22323 22666
--------------------------------------------------------------------------------
certcode 
       n  missing distinct     Info     Mean      Gmd      .05      .10 
    3750        0       71    0.734     3818     5914       -1       -1 
     .25      .50      .75      .90      .95 
      -1       -1     6333    16333    17366 

lowest :    -1  1201  1222  1295  1300, highest: 20362 21222 21225 21350 21355
--------------------------------------------------------------------------------
deprmd 
       n  missing distinct     Info     Mean      Gmd      .05      .10 
    3750        0       12    0.889   -1.642    2.429     -4.0     -4.0 
     .25      .50      .75      .90      .95 
    -4.0     -1.0      0.5      1.0      1.5 
                                                                            
Value      -4.00 -2.00 -1.50 -1.00 -0.50 -0.25  0.00  0.25  0.50  1.00  1.50
Frequency   1754    19    21    87    67    24   659    66   300   547   144
Proportion 0.468 0.005 0.006 0.023 0.018 0.006 0.176 0.018 0.080 0.146 0.038
                
Value       2.00
Frequency     62
Proportion 0.017
--------------------------------------------------------------------------------
depsleep 
       n  missing distinct     Info     Mean      Gmd      .05      .10 
    3750        0       11    0.943  -0.1912   0.9387     -1.5     -1.0 
     .25      .50      .75      .90      .95 
    -1.0      0.0      0.0      1.0      1.0 
                                                                            
Value      -2.00 -1.50 -1.00 -0.50 -0.25  0.00  0.25  0.50  1.00  1.50  2.00
Frequency    152   162   801   367    99  1332    43   202   415    83    94
Proportion 0.041 0.043 0.214 0.098 0.026 0.355 0.011 0.054 0.111 0.022 0.025
--------------------------------------------------------------------------------
depsleepcat 
       n  missing distinct     Info     Mean      Gmd      .05      .10 
    3750        0       12    0.943    6.266    3.705        2        2 
     .25      .50      .75      .90      .95 
       3        7       10       10       10 
                                                                            
Value         -2     0     1     2     3     4     5     6     7     8     9
Frequency      6    99    43   367   801   146   162   202   415    94    83
Proportion 0.002 0.026 0.011 0.098 0.214 0.039 0.043 0.054 0.111 0.025 0.022
                
Value         10
Frequency   1332
Proportion 0.355
--------------------------------------------------------------------------------
depinter 
       n  missing distinct     Info     Mean      Gmd      .05      .10 
    3750        0       11     0.92  -0.4935   0.7144    -1.50    -1.05 
     .25      .50      .75      .90      .95 
   -1.00    -0.50     0.00     0.00     0.50 
                                                                            
Value      -2.00 -1.50 -1.00 -0.50 -0.25  0.00  0.25  0.50  1.00  1.50  2.00
Frequency    144   231  1135   494   121  1378    25    93   107    15     7
Proportion 0.038 0.062 0.303 0.132 0.032 0.367 0.007 0.025 0.029 0.004 0.002
--------------------------------------------------------------------------------
depguilt 
       n  missing distinct     Info     Mean      Gmd      .05      .10 
    3750        0       11    0.852   0.3103   0.5808    -0.25     0.00 
     .25      .50      .75      .90      .95 
    0.00     0.00     0.50     1.00     1.00 
                                                                            
Value      -2.00 -1.50 -1.00 -0.50 -0.25  0.00  0.25  0.50  1.00  1.50  2.00
Frequency     33     6    81    57    15  1925   137   572   769    95    60
Proportion 0.009 0.002 0.022 0.015 0.004 0.513 0.037 0.153 0.205 0.025 0.016
--------------------------------------------------------------------------------
depenerg 
       n  missing distinct     Info     Mean      Gmd      .05      .10 
    3750        0       11    0.934  -0.4618    0.752    -1.50    -1.00 
     .25      .50      .75      .90      .95 
   -1.00    -0.50     0.00     0.25     1.00 
                                                                            
Value      -2.00 -1.50 -1.00 -0.50 -0.25  0.00  0.25  0.50  1.00  1.50  2.00
Frequency    144   172  1192   540   132  1176    33   155   179    19     8
Proportion 0.038 0.046 0.318 0.144 0.035 0.314 0.009 0.041 0.048 0.005 0.002
--------------------------------------------------------------------------------
depconcn 
       n  missing distinct     Info     Mean      Gmd      .05      .10 
    3750        0       11    0.908  -0.5155   0.6153     -1.5     -1.0 
     .25      .50      .75      .90      .95 
    -1.0     -0.5      0.0      0.0      0.0 
                                                                            
Value      -2.00 -1.50 -1.00 -0.50 -0.25  0.00  0.25  0.50  1.00  1.50  2.00
Frequency    103   152  1236   629   120  1398    11    54    41     3     3
Proportion 0.027 0.041 0.330 0.168 0.032 0.373 0.003 0.014 0.011 0.001 0.001
--------------------------------------------------------------------------------
depappet 
       n  missing distinct     Info     Mean      Gmd      .05      .10 
    3750        0       11    0.864 -0.05707   0.6697     -1.0     -1.0 
     .25      .50      .75      .90      .95 
    -0.5      0.0      0.0      1.0      1.0 
                                                                            
Value      -2.00 -1.50 -1.00 -0.50 -0.25  0.00  0.25  0.50  1.00  1.50  2.00
Frequency     47    54   517   335    95  1905    55   258   424    35    25
Proportion 0.013 0.014 0.138 0.089 0.025 0.508 0.015 0.069 0.113 0.009 0.007
--------------------------------------------------------------------------------
deppmr 
       n  missing distinct     Info     Mean      Gmd      .05      .10 
    3750        0       11    0.753   0.1957   0.4792     -0.5      0.0 
     .25      .50      .75      .90      .95 
     0.0      0.0      0.5      1.0      1.0 
                                                                            
Value      -2.00 -1.50 -1.00 -0.50 -0.25  0.00  0.25  0.50  1.00  1.50  2.00
Frequency     18    11   108    75    17  2335   108   412   614    30    22
Proportion 0.005 0.003 0.029 0.020 0.005 0.623 0.029 0.110 0.164 0.008 0.006
--------------------------------------------------------------------------------
dage1st 
       n  missing distinct     Info     Mean      Gmd      .05      .10 
    3750        0       66    0.998    16.44    11.15       -1        5 
     .25      .50      .75      .90      .95 
      11       15       21       30       36 

lowest : -1  0  3  4  5, highest: 64 65 67 69 71
--------------------------------------------------------------------------------
dage1stcat 
       n  missing distinct     Info     Mean      Gmd      .05      .10 
    3750        0       17    0.963    3.849     3.31       -2        2 
     .25      .50      .75      .90      .95 
       2        3        5       10       10 
                                                                            
Value         -2    -1     1     2     3     4     5     6     7     8     9
Frequency    256    61    41   862  1029   438   230   175    93    68    32
Proportion 0.068 0.016 0.011 0.230 0.274 0.117 0.061 0.047 0.025 0.018 0.009
                                              
Value         10    11    12    13    14    15
Frequency    429    18     9     5     3     1
Proportion 0.114 0.005 0.002 0.001 0.001 0.000
--------------------------------------------------------------------------------
mage1st 
       n  missing distinct     Info     Mean      Gmd      .05      .10 
    3750        0       69    0.998    20.05    11.81       -1        8 
     .25      .50      .75      .90      .95 
      14       18       25       35       41 

lowest : -1  0  2  3  4, highest: 64 65 67 69 73
--------------------------------------------------------------------------------
mage1stcat 
       n  missing distinct     Info     Mean      Gmd      .05      .10 
    3750        0       17    0.964    4.059    2.867       -2        2 
     .25      .50      .75      .90      .95 
       3        3        5        8       10 
                                                                            
Value         -2    -1     1     2     3     4     5     6     7     8     9
Frequency    197    27    15   532  1107   680   344   249   159   118    66
Proportion 0.053 0.007 0.004 0.142 0.295 0.181 0.092 0.066 0.042 0.031 0.018
                                              
Value         10    11    12    13    14    15
Frequency    201    27    18     5     4     1
Proportion 0.054 0.007 0.005 0.001 0.001 0.000
--------------------------------------------------------------------------------
depsi 
       n  missing distinct     Info     Mean      Gmd 
    3750        0        7    0.642   0.1848   0.3007 
                                                    
Value      -2.00  0.00  0.25  0.50  1.00  1.50  2.00
Frequency      5  2655   214   500   341    23    12
Proportion 0.001 0.708 0.057 0.133 0.091 0.006 0.003
--------------------------------------------------------------------------------
depsicat 
       n  missing distinct     Info     Mean      Gmd      .05      .10 
    3750        0       26    0.851    3.608    5.421       -1       -1 
     .25      .50      .75      .90      .95 
      -1        5        5       12       18 

lowest : -1  0  1  2  3, highest: 20 21 22 23 24
--------------------------------------------------------------------------------
depsev 
       n  missing distinct     Info     Mean      Gmd 
    3750        0        7    0.952    1.387    1.723 
                                                    
Value         -2    -1     0     1     2     3     4
Frequency      8   681   531   379  1106   872   173
Proportion 0.002 0.182 0.142 0.101 0.295 0.233 0.046
--------------------------------------------------------------------------------
depse 
       n  missing distinct     Info     Mean      Gmd      .05      .10 
    3750        0       11    0.907  -0.4521   0.6703     -1.5     -1.0 
     .25      .50      .75      .90      .95 
    -1.0     -0.5      0.0      0.0      0.5 
                                                                            
Value      -2.00 -1.50 -1.00 -0.50 -0.25  0.00  0.25  0.50  1.00  1.50  2.00
Frequency    125   155  1103   498   125  1506    30   103    95     7     3
Proportion 0.033 0.041 0.294 0.133 0.033 0.402 0.008 0.027 0.025 0.002 0.001
--------------------------------------------------------------------------------
depdist 
       n  missing distinct     Info     Mean      Gmd      .05      .10 
    3750        0       11     0.88   0.3831   0.5947        0        0 
     .25      .50      .75      .90      .95 
       0        0        1        1        1 
                                                                            
Value      -2.00 -1.50 -1.00 -0.50 -0.25  0.00  0.25  0.50  1.00  1.50  2.00
Frequency     25     8    61    47    21  1718   131   568  1029    83    59
Proportion 0.007 0.002 0.016 0.013 0.006 0.458 0.035 0.151 0.274 0.022 0.016
--------------------------------------------------------------------------------
deppma 
       n  missing distinct     Info     Mean      Gmd      .05      .10 
    3750        0       10    0.766   0.2657   0.4394      0.0      0.0 
     .25      .50      .75      .90      .95 
     0.0      0.0      0.5      1.0      1.0 
                                                                      
Value      -2.00 -1.50 -1.00 -0.50  0.00  0.25  0.50  1.00  1.50  2.00
Frequency     23     1    12     9  2284   156   606   576    47    36
Proportion 0.006 0.000 0.003 0.002 0.609 0.042 0.162 0.154 0.013 0.010
--------------------------------------------------------------------------------
elvselfe 
       n  missing distinct     Info     Mean      Gmd      .05      .10 
    3750        0       11    0.846  -0.2491   0.6316    -1.50    -1.00 
     .25      .50      .75      .90      .95 
   -0.50     0.00     0.00     0.25     0.50 
                                                                            
Value      -2.00 -1.50 -1.00 -0.50 -0.25  0.00  0.25  0.50  1.00  1.50  2.00
Frequency     81   124   700   353    70  1977    71   190   169     8     7
Proportion 0.022 0.033 0.187 0.094 0.019 0.527 0.019 0.051 0.045 0.002 0.002
--------------------------------------------------------------------------------
elvsleep 
       n  missing distinct     Info     Mean      Gmd      .05      .10 
    3750        0       11    0.682  0.01527   0.5176     -1.0     -0.5 
     .25      .50      .75      .90      .95 
     0.0      0.0      0.0      1.0      1.0 
                                                                            
Value      -2.00 -1.50 -1.00 -0.50 -0.25  0.00  0.25  0.50  1.00  1.50  2.00
Frequency     49    37   272   173    42  2556    35   172   322    42    50
Proportion 0.013 0.010 0.073 0.046 0.011 0.682 0.009 0.046 0.086 0.011 0.013
--------------------------------------------------------------------------------
elvtalk 
       n  missing distinct     Info     Mean      Gmd      .05      .10 
    3750        0       11    0.704   0.1984   0.4074      0.0      0.0 
     .25      .50      .75      .90      .95 
     0.0      0.0      0.5      1.0      1.0 
                                                                            
Value      -2.00 -1.50 -1.00 -0.50 -0.25  0.00  0.25  0.50  1.00  1.50  2.00
Frequency      3     6    69    44     6  2489   130   462   469    50    22
Proportion 0.001 0.002 0.018 0.012 0.002 0.664 0.035 0.123 0.125 0.013 0.006
--------------------------------------------------------------------------------
elvfoi 
       n  missing distinct     Info     Mean      Gmd 
    3750        0        9     0.77   0.3025   0.4404 
                                                                
Value      -2.00 -1.00 -0.50  0.00  0.25  0.50  1.00  1.50  2.00
Frequency      4     2     6  2270   178   522   660    68    40
Proportion 0.001 0.001 0.002 0.605 0.047 0.139 0.176 0.018 0.011
--------------------------------------------------------------------------------
elvdistr 
       n  missing distinct     Info     Mean      Gmd      .05      .10 
    3750        0       11    0.867   0.4165   0.5469     0.00     0.00 
     .25      .50      .75      .90      .95 
    0.00     0.25     1.00     1.00     1.00 
                                                                            
Value      -2.00 -1.50 -1.00 -0.50 -0.25  0.00  0.25  0.50  1.00  1.50  2.00
Frequency      5     2    21    24     8  1794   153   562  1023    97    61
Proportion 0.001 0.001 0.006 0.006 0.002 0.478 0.041 0.150 0.273 0.026 0.016
--------------------------------------------------------------------------------
elvgdact 
       n  missing distinct     Info     Mean      Gmd      .05      .10 
    3750        0       11    0.652  0.06733    0.402     -1.0      0.0 
     .25      .50      .75      .90      .95 
     0.0      0.0      0.0      0.5      1.0 
                                                                            
Value      -2.00 -1.50 -1.00 -0.50 -0.25  0.00  0.25  0.50  1.00  1.50  2.00
Frequency     30    26   158    93     7  2633   113   354   312    15     9
Proportion 0.008 0.007 0.042 0.025 0.002 0.702 0.030 0.094 0.083 0.004 0.002
--------------------------------------------------------------------------------
elvhrb 
       n  missing distinct     Info     Mean      Gmd      .05      .10 
    3750        0       10    0.354  0.08927   0.1753      0.0      0.0 
     .25      .50      .75      .90      .95 
     0.0      0.0      0.0      0.5      1.0 
                                                                      
Value      -2.00 -1.50 -1.00 -0.50  0.00  0.25  0.50  1.00  1.50  2.00
Frequency      5     1     1     3  3242    73   221   182    12    10
Proportion 0.001 0.000 0.000 0.001 0.865 0.019 0.059 0.049 0.003 0.003
--------------------------------------------------------------------------------
elvpma 
       n  missing distinct     Info     Mean      Gmd      .05      .10 
    3750        0       11    0.746    0.261   0.4297      0.0      0.0 
     .25      .50      .75      .90      .95 
     0.0      0.0      0.5      1.0      1.0 
                                                                            
Value      -2.00 -1.50 -1.00 -0.50 -0.25  0.00  0.25  0.50  1.00  1.50  2.00
Frequency     19     1    10     8     3  2352   136   560   582    42    37
Proportion 0.005 0.000 0.003 0.002 0.001 0.627 0.036 0.149 0.155 0.011 0.010
--------------------------------------------------------------------------------
majdepc 
       n  missing distinct     Info     Mean      Gmd 
    3750        0        4    0.784   0.2539   0.6288 
                                  
Value         -2    -1     0     1
Frequency      7   345  2087  1311
Proportion 0.002 0.092 0.557 0.350
--------------------------------------------------------------------------------
majdepp 
       n  missing distinct     Info     Mean      Gmd 
    3750        0        4     0.37   0.7619    0.418 
                                  
Value         -2    -1     0     1
Frequency      6   345   185  3214
Proportion 0.002 0.092 0.049 0.857
--------------------------------------------------------------------------------
moodgenc 
       n  missing distinct     Info     Mean      Gmd 
    3750        0        4    0.263 -0.09093   0.1794 
                                  
Value         -2    -1     0     1
Frequency      5   345  3386    14
Proportion 0.001 0.092 0.903 0.004
--------------------------------------------------------------------------------
moodgenp 
       n  missing distinct     Info     Mean      Gmd 
    3750        0        4    0.269 -0.08853   0.1841 
                                  
Value         -2    -1     0     1
Frequency      5   345  3377    23
Proportion 0.001 0.092 0.901 0.006
--------------------------------------------------------------------------------
moodsubc 
       n  missing distinct     Info     Mean      Gmd 
    3750        0        4    0.258 -0.09387   0.1756 
                                  
Value         -2    -1     0     1
Frequency      6   345  3394     5
Proportion 0.002 0.092 0.905 0.001
--------------------------------------------------------------------------------
moodsubp 
       n  missing distinct     Info     Mean      Gmd 
    3750        0        4    0.277 -0.08613   0.1909 
                                  
Value         -2    -1     0     1
Frequency      6   345  3365    34
Proportion 0.002 0.092 0.897 0.009
--------------------------------------------------------------------------------
manicc 
       n  missing distinct     Info     Mean      Gmd 
    3750        0        4    0.362 -0.04907    0.261 
                                  
Value         -2    -1     0     1
Frequency      6   345  3226   173
Proportion 0.002 0.092 0.860 0.046
--------------------------------------------------------------------------------
hmanicc 
       n  missing distinct     Info     Mean      Gmd 
    3750        0        4    0.379 -0.04293   0.2759 
                                  
Value         -2    -1     0     1
Frequency      8   345  3197   200
Proportion 0.002 0.092 0.853 0.053
--------------------------------------------------------------------------------
manicp 
       n  missing distinct     Info     Mean      Gmd 
    3750        0        4    0.736   0.5259   0.6444 
                                  
Value         -2    -1     0     1
Frequency      7   345  1067  2331
Proportion 0.002 0.092 0.285 0.622
--------------------------------------------------------------------------------
hmanicp 
       n  missing distinct     Info     Mean      Gmd 
    3750        0        4    0.803    0.296   0.6518 
                                  
Value         -2    -1     0     1
Frequency      8   345  1926  1471
Proportion 0.002 0.092 0.514 0.392
--------------------------------------------------------------------------------
typeiic 
       n  missing distinct     Info     Mean      Gmd 
    3750        0        4    0.533  0.03627   0.4031 
                                  
Value         -2    -1     0     1
Frequency      7   345  2903   495
Proportion 0.002 0.092 0.774 0.132
--------------------------------------------------------------------------------
typeiip 
       n  missing distinct     Info     Mean      Gmd 
    3750        0        4     0.63  0.09787   0.4862 
                                  
Value         -2    -1     0     1
Frequency      7   345  2672   726
Proportion 0.002 0.092 0.713 0.194
--------------------------------------------------------------------------------
clinstat 
       n  missing distinct     Info     Mean      Gmd 
    3750        0        9     0.95     4.26    2.551 
                                                                
Value         -2     1     2     3     4     5     6     7     8
Frequency      1   371  1164   142   102   289   904   641   136
Proportion 0.000 0.099 0.310 0.038 0.027 0.077 0.241 0.171 0.036
--------------------------------------------------------------------------------
manlast 
       n  missing distinct     Info     Mean      Gmd 
    3750        0        9    0.958    1.284    2.109 
                                                                
Value         -2     0     1     2     3     4     5     6     7
Frequency    394   960  1028   439   408   251   170    82    18
Proportion 0.105 0.256 0.274 0.117 0.109 0.067 0.045 0.022 0.005
--------------------------------------------------------------------------------
deppast 
       n  missing distinct     Info     Mean      Gmd 
    3750        0        8    0.958    1.118    2.039 
                                                          
Value         -2     0     1     2     3     4     5     6
Frequency    581   604  1131   639   423   217   120    35
Proportion 0.155 0.161 0.302 0.170 0.113 0.058 0.032 0.009
--------------------------------------------------------------------------------
mangenc 
       n  missing distinct     Info     Mean      Gmd 
    3750        0        3    0.255  -0.0952   0.1729 
                            
Value         -2    -1     0
Frequency      6   345  3399
Proportion 0.002 0.092 0.906
--------------------------------------------------------------------------------
mangenp 
       n  missing distinct     Info     Mean      Gmd 
    3750        0        4    0.257 -0.09413   0.1751 
                                  
Value         -2    -1     0     1
Frequency      6   345  3395     4
Proportion 0.002 0.092 0.905 0.001
--------------------------------------------------------------------------------
hypogenc 
       n  missing distinct     Info     Mean      Gmd 
    3750        0        4    0.255 -0.09493   0.1735 
                                  
Value         -2    -1     0     1
Frequency      6   345  3398     1
Proportion 0.002 0.092 0.906 0.000
--------------------------------------------------------------------------------
hypogenp 
       n  missing distinct     Info     Mean      Gmd 
    3750        0        4    0.258  -0.0936   0.1761 
                                  
Value         -2    -1     0     1
Frequency      6   345  3393     6
Proportion 0.002 0.092 0.905 0.002
--------------------------------------------------------------------------------
mansubc 
       n  missing distinct     Info     Mean      Gmd 
    3750        0        4    0.258  -0.0936   0.1761 
                                  
Value         -2    -1     0     1
Frequency      6   345  3393     6
Proportion 0.002 0.092 0.905 0.002
--------------------------------------------------------------------------------
mansubp 
       n  missing distinct     Info     Mean      Gmd 
    3750        0        4    0.312  -0.0712   0.2198 
                                  
Value         -2    -1     0     1
Frequency      6   345  3309    90
Proportion 0.002 0.092 0.882 0.024
--------------------------------------------------------------------------------
hyposubc 
       n  missing distinct     Info     Mean      Gmd 
    3750        0        4    0.257 -0.09413   0.1751 
                                  
Value         -2    -1     0     1
Frequency      6   345  3395     4
Proportion 0.002 0.092 0.905 0.001
--------------------------------------------------------------------------------
hyposubp 
       n  missing distinct     Info     Mean      Gmd 
    3750        0        4    0.305 -0.07413   0.2142 
                                  
Value         -2    -1     0     1
Frequency      6   345  3320    79
Proportion 0.002 0.092 0.885 0.021
--------------------------------------------------------------------------------
anxdisc 
       n  missing distinct     Info     Mean      Gmd 
    3750        0        4    0.263 -0.09013    0.179 
                                  
Value         -2    -1     0     1
Frequency      4   345  3386    15
Proportion 0.001 0.092 0.903 0.004
--------------------------------------------------------------------------------
anxdisp 
       n  missing distinct     Info     Mean      Gmd 
    3750        0        4    0.273 -0.08587   0.1874 
                                  
Value         -2    -1     0     1
Frequency      4   345  3370    31
Proportion 0.001 0.092 0.899 0.008
--------------------------------------------------------------------------------
anxsubc 
       n  missing distinct     Info     Mean      Gmd 
    3750        0        4    0.255  -0.0936   0.1721 
                                  
Value         -2    -1     0     1
Frequency      4   345  3399     2
Proportion 0.001 0.092 0.906 0.001
--------------------------------------------------------------------------------
anxsubp 
       n  missing distinct     Info     Mean      Gmd 
    3750        0        4     0.26 -0.09147   0.1763 
                                  
Value         -2    -1     0     1
Frequency      4   345  3391    10
Proportion 0.001 0.092 0.904 0.003
--------------------------------------------------------------------------------
pdnoagc 
       n  missing distinct     Info     Mean      Gmd 
    3750        0        4    0.333 -0.06053   0.2359 
                                  
Value         -2    -1     0     1
Frequency      4   345  3275   126
Proportion 0.001 0.092 0.873 0.034
--------------------------------------------------------------------------------
pdnoagp 
       n  missing distinct     Info     Mean      Gmd 
    3750        0        4    0.423  -0.0192   0.3097 
                                  
Value         -2    -1     0     1
Frequency      4   345  3120   281
Proportion 0.001 0.092 0.832 0.075
--------------------------------------------------------------------------------
pdagorc 
       n  missing distinct     Info     Mean      Gmd 
    3750        0        4    0.411 -0.02507   0.2996 
                                  
Value         -2    -1     0     1
Frequency      4   345  3142   259
Proportion 0.001 0.092 0.838 0.069
--------------------------------------------------------------------------------
pdagorp 
       n  missing distinct     Info     Mean      Gmd 
    3750        0        4    0.522  0.03253   0.3923 
                                  
Value         -2    -1     0     1
Frequency      4   345  2926   475
Proportion 0.001 0.092 0.780 0.127
--------------------------------------------------------------------------------
agorc 
       n  missing distinct     Info     Mean      Gmd 
    3750        0        4    0.355 -0.05067   0.2542 
                                  
Value         -2    -1     0     1
Frequency      4   345  3238   163
Proportion 0.001 0.092 0.863 0.043
--------------------------------------------------------------------------------
agorp 
       n  missing distinct     Info     Mean      Gmd 
    3750        0        4    0.414 -0.02347   0.3024 
                                  
Value         -2    -1     0     1
Frequency      4   345  3136   265
Proportion 0.001 0.092 0.836 0.071
--------------------------------------------------------------------------------
phobiac 
       n  missing distinct     Info     Mean      Gmd 
    3750        0        4    0.541     0.04   0.4103 
                                  
Value         -2    -1     0     1
Frequency      8   345  2886   511
Proportion 0.002 0.092 0.770 0.136
--------------------------------------------------------------------------------
phobiap 
       n  missing distinct     Info     Mean      Gmd 
    3750        0        4    0.644   0.1072   0.4991 
                                  
Value         -2    -1     0     1
Frequency      8   345  2634   763
Proportion 0.002 0.092 0.702 0.203
--------------------------------------------------------------------------------
ocdcur 
       n  missing distinct     Info     Mean      Gmd 
    3750        0        3    0.409 -0.02267   0.2962 
                            
Value         -1     0     1
Frequency    345  3145   260
Proportion 0.092 0.839 0.069
--------------------------------------------------------------------------------
ocdc 
       n  missing distinct     Info     Mean      Gmd 
    3750        0        4    0.412 -0.02747    0.303 
                                  
Value         -2    -1     0     1
Frequency      8   345  3139   258
Proportion 0.002 0.092 0.837 0.069
--------------------------------------------------------------------------------
ocdpast 
       n  missing distinct     Info     Mean      Gmd 
    3750        0        3    0.483  0.01467   0.3577 
                            
Value         -1     0     1
Frequency    345  3005   400
Proportion 0.092 0.801 0.107
--------------------------------------------------------------------------------
ocdp 
       n  missing distinct     Info     Mean      Gmd 
    3750        0        4    0.485 0.009867   0.3628 
                                  
Value         -2    -1     0     1
Frequency      7   345  3002   396
Proportion 0.002 0.092 0.801 0.106
--------------------------------------------------------------------------------
ocdgenc 
       n  missing distinct     Info     Mean      Gmd 
    3750        0        4    0.256 -0.09547   0.1744 
                                  
Value         -2    -1     0     1
Frequency      7   345  3397     1
Proportion 0.002 0.092 0.906 0.000
--------------------------------------------------------------------------------
ocdgenp 
       n  missing distinct     Info     Mean      Gmd 
    3750        0        4    0.256 -0.09467    0.174 
                                  
Value         -2    -1     0     1
Frequency      6   345  3397     2
Proportion 0.002 0.092 0.906 0.001
--------------------------------------------------------------------------------
ocdsubc 
       n  missing distinct     Info     Mean      Gmd 
    3750        0        4    0.256 -0.09547   0.1744 
                                  
Value         -2    -1     0     1
Frequency      7   345  3397     1
Proportion 0.002 0.092 0.906 0.000
--------------------------------------------------------------------------------
ocdsubp 
       n  missing distinct     Info     Mean      Gmd 
    3750        0        4    0.258 -0.09387   0.1756 
                                  
Value         -2    -1     0     1
Frequency      6   345  3394     5
Proportion 0.002 0.092 0.905 0.001
--------------------------------------------------------------------------------
ptsdcur 
       n  missing distinct     Info     Mean      Gmd 
    3750        0        3    0.421 -0.01707   0.3058 
                            
Value         -1     0     1
Frequency    345  3124   281
Proportion 0.092 0.833 0.075
--------------------------------------------------------------------------------
ptsdc 
       n  missing distinct     Info     Mean      Gmd 
    3750        0        5    0.428 -0.02533   0.3209 
                                        
Value         -3    -2    -1     0     1
Frequency      3    11   345  3110   281
Proportion 0.001 0.003 0.092 0.829 0.075
--------------------------------------------------------------------------------
ptsdpast 
       n  missing distinct     Info     Mean      Gmd 
    3750        0        3     0.61  0.08933   0.4641 
                            
Value         -1     0     1
Frequency    345  2725   680
Proportion 0.092 0.727 0.181
--------------------------------------------------------------------------------
ptsdp 
       n  missing distinct     Info     Mean      Gmd 
    3750        0        5    0.615   0.0816   0.4782 
                                        
Value         -3    -2    -1     0     1
Frequency      3    10   345  2712   680
Proportion 0.001 0.003 0.092 0.723 0.181
--------------------------------------------------------------------------------
alcdepc 
       n  missing distinct     Info     Mean      Gmd 
    3750        0        4    0.422 -0.02453   0.3118 
                                  
Value         -2    -1     0     1
Frequency     10   345  3122   273
Proportion 0.003 0.092 0.833 0.073
--------------------------------------------------------------------------------
alcdepp 
       n  missing distinct     Info     Mean      Gmd 
    3750        0        4    0.713   0.1627   0.5617 
                                  
Value         -2    -1     0     1
Frequency     10   345  2420   975
Proportion 0.003 0.092 0.645 0.260
--------------------------------------------------------------------------------
alcabusc 
       n  missing distinct     Info     Mean      Gmd 
    3750        0        4    0.444   -0.012   0.3292 
                                  
Value         -2    -1     0     1
Frequency      8   345  3081   316
Proportion 0.002 0.092 0.822 0.084
--------------------------------------------------------------------------------
alcabusp 
       n  missing distinct     Info     Mean      Gmd 
    3750        0        4    0.762   0.2176    0.607 
                                  
Value         -2    -1     0     1
Frequency      9   345  2217  1179
Proportion 0.002 0.092 0.591 0.314
--------------------------------------------------------------------------------
drugdepc 
       n  missing distinct     Info     Mean      Gmd 
    3750        0        4    0.372 -0.05173   0.2735 
                                  
Value         -2    -1     0     1
Frequency     15   345  3209   181
Proportion 0.004 0.092 0.856 0.048
--------------------------------------------------------------------------------
drugdepp 
       n  missing distinct     Info     Mean      Gmd 
    3750        0        4    0.606  0.07413   0.4709 
                                  
Value         -2    -1     0     1
Frequency     16   345  2734   655
Proportion 0.004 0.092 0.729 0.175
--------------------------------------------------------------------------------
drugabc 
       n  missing distinct     Info     Mean      Gmd 
    3750        0        4    0.393 -0.04213   0.2906 
                                  
Value         -2    -1     0     1
Frequency     15   345  3173   217
Proportion 0.004 0.092 0.846 0.058
--------------------------------------------------------------------------------
drugabp 
       n  missing distinct     Info     Mean      Gmd 
    3750        0        4    0.663   0.1187   0.5171 
                                  
Value         -2    -1     0     1
Frequency     11   345  2582   812
Proportion 0.003 0.092 0.689 0.217
--------------------------------------------------------------------------------
psychp 
       n  missing distinct     Info     Mean      Gmd 
    3750        0        4    0.308 -0.08187   0.2212 
                                  
Value         -2    -1     0     1
Frequency     17   345  3316    72
Proportion 0.005 0.092 0.884 0.019
--------------------------------------------------------------------------------
bpsychp 
       n  missing distinct     Info     Mean      Gmd 
    3750        0        4    0.265 -0.09973   0.1862 
                                  
Value         -2    -1     0     1
Frequency     17   345  3383     5
Proportion 0.005 0.092 0.902 0.001
--------------------------------------------------------------------------------
ipsychp 
       n  missing distinct     Info     Mean      Gmd 
    3750        0        4    0.631  0.09013   0.4929 
                                  
Value         -2    -1     0     1
Frequency     17   345  2671   717
Proportion 0.005 0.092 0.712 0.191
--------------------------------------------------------------------------------
psychc 
       n  missing distinct     Info     Mean      Gmd 
    3750        0        4    0.273 -0.09573   0.1921 
                                  
Value         -2    -1     0     1
Frequency     16   345  3371    18
Proportion 0.004 0.092 0.899 0.005
--------------------------------------------------------------------------------
bpsychc 
       n  missing distinct     Info     Mean      Gmd 
    3750        0        4    0.262  -0.1008    0.184 
                                  
Value         -2    -1     0     1
Frequency     17   345  3387     1
Proportion 0.005 0.092 0.903 0.000
--------------------------------------------------------------------------------
ipsychc 
       n  missing distinct     Info     Mean      Gmd 
    3750        0        4    0.361 -0.05867   0.2647 
                                  
Value         -2    -1     0     1
Frequency     17   345  3229   159
Proportion 0.005 0.092 0.861 0.042
--------------------------------------------------------------------------------
schizc 
       n  missing distinct     Info     Mean      Gmd 
    3750        0        4    0.264  -0.0992   0.1852 
                                  
Value         -2    -1     0     1
Frequency     16   345  3384     5
Proportion 0.004 0.092 0.902 0.001
--------------------------------------------------------------------------------
schizp 
       n  missing distinct     Info     Mean      Gmd 
    3750        0        4    0.266  -0.0984   0.1868 
                                  
Value         -2    -1     0     1
Frequency     16   345  3381     8
Proportion 0.004 0.092 0.902 0.002
--------------------------------------------------------------------------------
schaffc 
       n  missing distinct     Info     Mean      Gmd 
    3750        0        4    0.267 -0.09893   0.1878 
                                  
Value         -2    -1     0     1
Frequency     17   345  3380     8
Proportion 0.005 0.092 0.901 0.002
--------------------------------------------------------------------------------
schaffp 
       n  missing distinct     Info     Mean      Gmd 
    3750        0        4    0.273 -0.09653   0.1925 
                                  
Value         -2    -1     0     1
Frequency     17   345  3371    17
Proportion 0.005 0.092 0.899 0.005
--------------------------------------------------------------------------------
schphrc 
       n  missing distinct     Info     Mean      Gmd 
    3750        0        4    0.262  -0.1008    0.184 
                                  
Value         -2    -1     0     1
Frequency     17   345  3387     1
Proportion 0.005 0.092 0.903 0.000
--------------------------------------------------------------------------------
schphrp 
       n  missing distinct     Info     Mean      Gmd 
    3750        0        4    0.262  -0.1008    0.184 
                                  
Value         -2    -1     0     1
Frequency     17   345  3387     1
Proportion 0.005 0.092 0.903 0.000
--------------------------------------------------------------------------------
deldisc 
       n  missing distinct     Info     Mean      Gmd 
    3750        0        4    0.262  -0.1008    0.184 
                                  
Value         -2    -1     0     1
Frequency     17   345  3387     1
Proportion 0.005 0.092 0.903 0.000
--------------------------------------------------------------------------------
deldisp 
       n  missing distinct     Info     Mean      Gmd 
    3750        0        4    0.264  -0.1003   0.1851 
                                  
Value         -2    -1     0     1
Frequency     17   345  3385     3
Proportion 0.005 0.092 0.903 0.001
--------------------------------------------------------------------------------
psygenc 
       n  missing distinct     Info     Mean      Gmd 
    3750        0        3    0.262  -0.1011   0.1835 
                            
Value         -2    -1     0
Frequency     17   345  3388
Proportion 0.005 0.092 0.903
--------------------------------------------------------------------------------
psygenp 
       n  missing distinct     Info     Mean      Gmd 
    3750        0        4    0.265 -0.09973   0.1862 
                                  
Value         -2    -1     0     1
Frequency     17   345  3383     5
Proportion 0.005 0.092 0.902 0.001
--------------------------------------------------------------------------------
psysubc 
       n  missing distinct     Info     Mean      Gmd 
    3750        0        4    0.263  -0.1005   0.1846 
                                  
Value         -2    -1     0     1
Frequency     17   345  3386     2
Proportion 0.005 0.092 0.903 0.001
--------------------------------------------------------------------------------
psysubp 
       n  missing distinct     Info     Mean      Gmd 
    3750        0        4    0.298 -0.08613   0.2129 
                                  
Value         -2    -1     0     1
Frequency     17   345  3332    56
Proportion 0.005 0.092 0.889 0.015
--------------------------------------------------------------------------------
psynosc 
       n  missing distinct     Info     Mean      Gmd 
    3750        0        4    0.272  -0.0968    0.192 
                                  
Value         -2    -1     0     1
Frequency     17   345  3372    16
Proportion 0.005 0.092 0.899 0.004
--------------------------------------------------------------------------------
psynosp 
       n  missing distinct     Info     Mean      Gmd 
    3750        0        4    0.293   -0.088   0.2093 
                                  
Value         -2    -1     0     1
Frequency     17   345  3339    49
Proportion 0.005 0.092 0.890 0.013
--------------------------------------------------------------------------------
moodnosp 
       n  missing distinct     Info     Mean      Gmd 
    3750        0        4    0.268 -0.09787   0.1879 
                                  
Value         -2    -1     0     1
Frequency     16   345  3379    10
Proportion 0.004 0.092 0.901 0.003
--------------------------------------------------------------------------------
deppsyc 
       n  missing distinct     Info     Mean      Gmd 
    3750        0        4    0.266 -0.09867   0.1863 
                                  
Value         -2    -1     0     1
Frequency     16   345  3382     7
Proportion 0.004 0.092 0.902 0.002
--------------------------------------------------------------------------------
deppsyp 
       n  missing distinct     Info     Mean      Gmd 
    3750        0        4    0.279 -0.09333   0.1968 
                                  
Value         -2    -1     0     1
Frequency     16   345  3362    27
Proportion 0.004 0.092 0.897 0.007
--------------------------------------------------------------------------------
bulpurgc 
       n  missing distinct     Info     Mean      Gmd 
    3750        0        4    0.289 -0.08507    0.203 
                                  
Value         -2    -1     0     1
Frequency     11   345  3346    48
Proportion 0.003 0.092 0.892 0.013
--------------------------------------------------------------------------------
bulpurgp 
       n  missing distinct     Info     Mean      Gmd 
    3750        0        4     0.38 -0.04507   0.2778 
                                  
Value         -2    -1     0     1
Frequency     11   345  3196   198
Proportion 0.003 0.092 0.852 0.053
--------------------------------------------------------------------------------
bulnonpc 
       n  missing distinct     Info     Mean      Gmd 
    3750        0        4    0.272 -0.09227   0.1889 
                                  
Value         -2    -1     0     1
Frequency     11   345  3373    21
Proportion 0.003 0.092 0.899 0.006
--------------------------------------------------------------------------------
bulnonpp 
       n  missing distinct     Info     Mean      Gmd 
    3750        0        4    0.287 -0.08587   0.2015 
                                  
Value         -2    -1     0     1
Frequency     11   345  3349    45
Proportion 0.003 0.092 0.893 0.012
--------------------------------------------------------------------------------
anbingec 
       n  missing distinct     Info     Mean      Gmd 
    3750        0        4    0.261 -0.09573     0.18 
                                  
Value         -2    -1     0     1
Frequency     10   345  3389     6
Proportion 0.003 0.092 0.904 0.002
--------------------------------------------------------------------------------
anbingep 
       n  missing distinct     Info     Mean      Gmd 
    3750        0        4    0.288 -0.08533   0.2025 
                                  
Value         -2    -1     0     1
Frequency     11   345  3347    47
Proportion 0.003 0.092 0.893 0.013
--------------------------------------------------------------------------------
anrestrc 
       n  missing distinct     Info     Mean      Gmd 
    3750        0        4    0.261 -0.09573     0.18 
                                  
Value         -2    -1     0     1
Frequency     10   345  3389     6
Proportion 0.003 0.092 0.904 0.002
--------------------------------------------------------------------------------
anrestrp 
       n  missing distinct     Info     Mean      Gmd 
    3750        0        4    0.311 -0.07573    0.221 
                                  
Value         -2    -1     0     1
Frequency     11   345  3311    83
Proportion 0.003 0.092 0.883 0.022
--------------------------------------------------------------------------------
genanxc 
       n  missing distinct     Info     Mean      Gmd 
    3750        0        4    0.567  0.05173   0.4357 
                                  
Value         -2    -1     0     1
Frequency     13   345  2827   565
Proportion 0.003 0.092 0.754 0.151
--------------------------------------------------------------------------------
genanxp 
       n  missing distinct     Info     Mean      Gmd 
    3750        0        4    0.651   0.1072   0.5086 
                                  
Value         -2    -1     0     1
Frequency     14   345  2616   775
Proportion 0.004 0.092 0.698 0.207
--------------------------------------------------------------------------------
ganxgenc 
       n  missing distinct     Info     Mean      Gmd 
    3750        0        4    0.259 -0.09653   0.1784 
                                  
Value         -2    -1     0     1
Frequency     10   345  3392     3
Proportion 0.003 0.092 0.905 0.001
--------------------------------------------------------------------------------
ganxgenp 
       n  missing distinct     Info     Mean      Gmd 
    3750        0        4     0.26   -0.096   0.1794 
                                  
Value         -2    -1     0     1
Frequency     10   345  3390     5
Proportion 0.003 0.092 0.904 0.001
--------------------------------------------------------------------------------
gadsubc 
       n  missing distinct     Info     Mean      Gmd 
    3750        0        4    0.258  -0.0968   0.1778 
                                  
Value         -2    -1     0     1
Frequency     10   345  3393     2
Proportion 0.003 0.092 0.905 0.001
--------------------------------------------------------------------------------
gadsubp 
       n  missing distinct     Info     Mean      Gmd 
    3750        0        4     0.26 -0.09627   0.1789 
                                  
Value         -2    -1     0     1
Frequency     10   345  3391     4
Proportion 0.003 0.092 0.904 0.001
--------------------------------------------------------------------------------
addkidc 
       n  missing distinct     Info     Mean      Gmd 
    3750        0        4    0.426  -0.1712   0.2903 
                                  
Value         -2    -1     0     1
Frequency     11   625  3109     5
Proportion 0.003 0.167 0.829 0.001
--------------------------------------------------------------------------------
addkidp 
       n  missing distinct     Info     Mean      Gmd 
    3750        0        4    0.399  -0.1557    0.274 
                                  
Value         -2    -1     0     1
Frequency     12   570  3158    10
Proportion 0.003 0.152 0.842 0.003
--------------------------------------------------------------------------------
addadltc 
       n  missing distinct     Info     Mean      Gmd 
    3750        0        4    0.447  -0.0176   0.3344 
                                  
Value         -2    -1     0     1
Frequency     13   351  3075   311
Proportion 0.003 0.094 0.820 0.083
--------------------------------------------------------------------------------
addadltp 
       n  missing distinct     Info     Mean      Gmd 
    3750        0        4    0.501  0.01013   0.3791 
                                  
Value         -2    -1     0     1
Frequency     13   351  2971   415
Proportion 0.003 0.094 0.792 0.111
--------------------------------------------------------------------------------
